scope,n,judge_accuracy,f1,abstention_rate,context_overflow,mean_prompt_tokens,mean_completion_tokens,mean_cost_usd,mean_latency_s,evidence_recall
